{
 "cells": [
  {
   "cell_type": "code",
   "execution_count": 3,
   "metadata": {},
   "outputs": [],
   "source": [
    "import pandas as pd"
   ]
  },
  {
   "cell_type": "code",
   "execution_count": 4,
   "metadata": {},
   "outputs": [],
   "source": [
    "df2=pd.read_csv(\"C:/Users/samsung/Desktop/Great lakes/EDA/PortugueseBank.csv\")"
   ]
  },
  {
   "cell_type": "code",
   "execution_count": 6,
   "metadata": {},
   "outputs": [
    {
     "data": {
      "text/html": [
       "<div>\n",
       "<style scoped>\n",
       "    .dataframe tbody tr th:only-of-type {\n",
       "        vertical-align: middle;\n",
       "    }\n",
       "\n",
       "    .dataframe tbody tr th {\n",
       "        vertical-align: top;\n",
       "    }\n",
       "\n",
       "    .dataframe thead th {\n",
       "        text-align: right;\n",
       "    }\n",
       "</style>\n",
       "<table border=\"1\" class=\"dataframe\">\n",
       "  <thead>\n",
       "    <tr style=\"text-align: right;\">\n",
       "      <th></th>\n",
       "      <th>age</th>\n",
       "      <th>job</th>\n",
       "      <th>marital</th>\n",
       "      <th>education</th>\n",
       "      <th>default</th>\n",
       "      <th>housing</th>\n",
       "      <th>loan</th>\n",
       "      <th>contact</th>\n",
       "      <th>month</th>\n",
       "      <th>day_of_week</th>\n",
       "      <th>...</th>\n",
       "      <th>campaign</th>\n",
       "      <th>pdays</th>\n",
       "      <th>previous</th>\n",
       "      <th>poutcome</th>\n",
       "      <th>emp_var_rate</th>\n",
       "      <th>cons_price_idx</th>\n",
       "      <th>cons_conf_idx</th>\n",
       "      <th>euribor3m</th>\n",
       "      <th>nr_employed</th>\n",
       "      <th>y</th>\n",
       "    </tr>\n",
       "  </thead>\n",
       "  <tbody>\n",
       "    <tr>\n",
       "      <th>0</th>\n",
       "      <td>44</td>\n",
       "      <td>blue-collar</td>\n",
       "      <td>married</td>\n",
       "      <td>basic.4y</td>\n",
       "      <td>unknown</td>\n",
       "      <td>yes</td>\n",
       "      <td>no</td>\n",
       "      <td>cellular</td>\n",
       "      <td>aug</td>\n",
       "      <td>thu</td>\n",
       "      <td>...</td>\n",
       "      <td>1</td>\n",
       "      <td>999</td>\n",
       "      <td>0</td>\n",
       "      <td>nonexistent</td>\n",
       "      <td>1.4</td>\n",
       "      <td>93.444</td>\n",
       "      <td>-36.1</td>\n",
       "      <td>4.963</td>\n",
       "      <td>5228.1</td>\n",
       "      <td>0</td>\n",
       "    </tr>\n",
       "    <tr>\n",
       "      <th>1</th>\n",
       "      <td>53</td>\n",
       "      <td>technician</td>\n",
       "      <td>married</td>\n",
       "      <td>unknown</td>\n",
       "      <td>no</td>\n",
       "      <td>no</td>\n",
       "      <td>no</td>\n",
       "      <td>cellular</td>\n",
       "      <td>nov</td>\n",
       "      <td>fri</td>\n",
       "      <td>...</td>\n",
       "      <td>1</td>\n",
       "      <td>999</td>\n",
       "      <td>0</td>\n",
       "      <td>nonexistent</td>\n",
       "      <td>-0.1</td>\n",
       "      <td>93.200</td>\n",
       "      <td>-42.0</td>\n",
       "      <td>4.021</td>\n",
       "      <td>5195.8</td>\n",
       "      <td>0</td>\n",
       "    </tr>\n",
       "    <tr>\n",
       "      <th>2</th>\n",
       "      <td>28</td>\n",
       "      <td>management</td>\n",
       "      <td>single</td>\n",
       "      <td>university.degree</td>\n",
       "      <td>no</td>\n",
       "      <td>yes</td>\n",
       "      <td>no</td>\n",
       "      <td>cellular</td>\n",
       "      <td>jun</td>\n",
       "      <td>thu</td>\n",
       "      <td>...</td>\n",
       "      <td>3</td>\n",
       "      <td>6</td>\n",
       "      <td>2</td>\n",
       "      <td>success</td>\n",
       "      <td>-1.7</td>\n",
       "      <td>94.055</td>\n",
       "      <td>-39.8</td>\n",
       "      <td>0.729</td>\n",
       "      <td>4991.6</td>\n",
       "      <td>1</td>\n",
       "    </tr>\n",
       "    <tr>\n",
       "      <th>3</th>\n",
       "      <td>39</td>\n",
       "      <td>services</td>\n",
       "      <td>married</td>\n",
       "      <td>high.school</td>\n",
       "      <td>no</td>\n",
       "      <td>no</td>\n",
       "      <td>no</td>\n",
       "      <td>cellular</td>\n",
       "      <td>apr</td>\n",
       "      <td>fri</td>\n",
       "      <td>...</td>\n",
       "      <td>2</td>\n",
       "      <td>999</td>\n",
       "      <td>0</td>\n",
       "      <td>nonexistent</td>\n",
       "      <td>-1.8</td>\n",
       "      <td>93.075</td>\n",
       "      <td>-47.1</td>\n",
       "      <td>1.405</td>\n",
       "      <td>5099.1</td>\n",
       "      <td>0</td>\n",
       "    </tr>\n",
       "    <tr>\n",
       "      <th>4</th>\n",
       "      <td>55</td>\n",
       "      <td>retired</td>\n",
       "      <td>married</td>\n",
       "      <td>basic.4y</td>\n",
       "      <td>no</td>\n",
       "      <td>yes</td>\n",
       "      <td>no</td>\n",
       "      <td>cellular</td>\n",
       "      <td>aug</td>\n",
       "      <td>fri</td>\n",
       "      <td>...</td>\n",
       "      <td>1</td>\n",
       "      <td>3</td>\n",
       "      <td>1</td>\n",
       "      <td>success</td>\n",
       "      <td>-2.9</td>\n",
       "      <td>92.201</td>\n",
       "      <td>-31.4</td>\n",
       "      <td>0.869</td>\n",
       "      <td>5076.2</td>\n",
       "      <td>1</td>\n",
       "    </tr>\n",
       "  </tbody>\n",
       "</table>\n",
       "<p>5 rows × 21 columns</p>\n",
       "</div>"
      ],
      "text/plain": [
       "   age          job  marital          education  default housing loan  \\\n",
       "0   44  blue-collar  married           basic.4y  unknown     yes   no   \n",
       "1   53   technician  married            unknown       no      no   no   \n",
       "2   28   management   single  university.degree       no     yes   no   \n",
       "3   39     services  married        high.school       no      no   no   \n",
       "4   55      retired  married           basic.4y       no     yes   no   \n",
       "\n",
       "    contact month day_of_week  ...  campaign  pdays  previous     poutcome  \\\n",
       "0  cellular   aug         thu  ...         1    999         0  nonexistent   \n",
       "1  cellular   nov         fri  ...         1    999         0  nonexistent   \n",
       "2  cellular   jun         thu  ...         3      6         2      success   \n",
       "3  cellular   apr         fri  ...         2    999         0  nonexistent   \n",
       "4  cellular   aug         fri  ...         1      3         1      success   \n",
       "\n",
       "  emp_var_rate  cons_price_idx  cons_conf_idx  euribor3m  nr_employed  y  \n",
       "0          1.4          93.444          -36.1      4.963       5228.1  0  \n",
       "1         -0.1          93.200          -42.0      4.021       5195.8  0  \n",
       "2         -1.7          94.055          -39.8      0.729       4991.6  1  \n",
       "3         -1.8          93.075          -47.1      1.405       5099.1  0  \n",
       "4         -2.9          92.201          -31.4      0.869       5076.2  1  \n",
       "\n",
       "[5 rows x 21 columns]"
      ]
     },
     "execution_count": 6,
     "metadata": {},
     "output_type": "execute_result"
    }
   ],
   "source": [
    "df2.head()"
   ]
  },
  {
   "cell_type": "code",
   "execution_count": 10,
   "metadata": {},
   "outputs": [
    {
     "data": {
      "text/plain": [
       "age                 108.602451\n",
       "duration          67225.728877\n",
       "campaign              7.672975\n",
       "pdays             34935.687284\n",
       "previous              0.244927\n",
       "emp_var_rate          2.467915\n",
       "cons_price_idx        0.335056\n",
       "cons_conf_idx        21.420215\n",
       "euribor3m             3.008308\n",
       "nr_employed        5220.283250\n",
       "y                     0.099966\n",
       "dtype: float64"
      ]
     },
     "execution_count": 10,
     "metadata": {},
     "output_type": "execute_result"
    }
   ],
   "source": [
    "df2.var()"
   ]
  },
  {
   "cell_type": "code",
   "execution_count": 8,
   "metadata": {},
   "outputs": [
    {
     "data": {
      "text/html": [
       "<div>\n",
       "<style scoped>\n",
       "    .dataframe tbody tr th:only-of-type {\n",
       "        vertical-align: middle;\n",
       "    }\n",
       "\n",
       "    .dataframe tbody tr th {\n",
       "        vertical-align: top;\n",
       "    }\n",
       "\n",
       "    .dataframe thead th {\n",
       "        text-align: right;\n",
       "    }\n",
       "</style>\n",
       "<table border=\"1\" class=\"dataframe\">\n",
       "  <thead>\n",
       "    <tr style=\"text-align: right;\">\n",
       "      <th></th>\n",
       "      <th>age</th>\n",
       "      <th>duration</th>\n",
       "      <th>campaign</th>\n",
       "      <th>pdays</th>\n",
       "      <th>previous</th>\n",
       "      <th>emp_var_rate</th>\n",
       "      <th>cons_price_idx</th>\n",
       "      <th>cons_conf_idx</th>\n",
       "      <th>euribor3m</th>\n",
       "      <th>nr_employed</th>\n",
       "      <th>y</th>\n",
       "    </tr>\n",
       "  </thead>\n",
       "  <tbody>\n",
       "    <tr>\n",
       "      <th>count</th>\n",
       "      <td>41188.00000</td>\n",
       "      <td>41188.000000</td>\n",
       "      <td>41188.000000</td>\n",
       "      <td>41188.000000</td>\n",
       "      <td>41188.000000</td>\n",
       "      <td>41188.000000</td>\n",
       "      <td>41188.000000</td>\n",
       "      <td>41188.000000</td>\n",
       "      <td>41188.000000</td>\n",
       "      <td>41188.000000</td>\n",
       "      <td>41188.000000</td>\n",
       "    </tr>\n",
       "    <tr>\n",
       "      <th>mean</th>\n",
       "      <td>40.02406</td>\n",
       "      <td>258.285010</td>\n",
       "      <td>2.567593</td>\n",
       "      <td>962.475454</td>\n",
       "      <td>0.172963</td>\n",
       "      <td>0.081886</td>\n",
       "      <td>93.575664</td>\n",
       "      <td>-40.502600</td>\n",
       "      <td>3.621291</td>\n",
       "      <td>5167.035911</td>\n",
       "      <td>0.112654</td>\n",
       "    </tr>\n",
       "    <tr>\n",
       "      <th>std</th>\n",
       "      <td>10.42125</td>\n",
       "      <td>259.279249</td>\n",
       "      <td>2.770014</td>\n",
       "      <td>186.910907</td>\n",
       "      <td>0.494901</td>\n",
       "      <td>1.570960</td>\n",
       "      <td>0.578840</td>\n",
       "      <td>4.628198</td>\n",
       "      <td>1.734447</td>\n",
       "      <td>72.251528</td>\n",
       "      <td>0.316173</td>\n",
       "    </tr>\n",
       "    <tr>\n",
       "      <th>min</th>\n",
       "      <td>17.00000</td>\n",
       "      <td>0.000000</td>\n",
       "      <td>1.000000</td>\n",
       "      <td>0.000000</td>\n",
       "      <td>0.000000</td>\n",
       "      <td>-3.400000</td>\n",
       "      <td>92.201000</td>\n",
       "      <td>-50.800000</td>\n",
       "      <td>0.634000</td>\n",
       "      <td>4963.600000</td>\n",
       "      <td>0.000000</td>\n",
       "    </tr>\n",
       "    <tr>\n",
       "      <th>25%</th>\n",
       "      <td>32.00000</td>\n",
       "      <td>102.000000</td>\n",
       "      <td>1.000000</td>\n",
       "      <td>999.000000</td>\n",
       "      <td>0.000000</td>\n",
       "      <td>-1.800000</td>\n",
       "      <td>93.075000</td>\n",
       "      <td>-42.700000</td>\n",
       "      <td>1.344000</td>\n",
       "      <td>5099.100000</td>\n",
       "      <td>0.000000</td>\n",
       "    </tr>\n",
       "    <tr>\n",
       "      <th>50%</th>\n",
       "      <td>38.00000</td>\n",
       "      <td>180.000000</td>\n",
       "      <td>2.000000</td>\n",
       "      <td>999.000000</td>\n",
       "      <td>0.000000</td>\n",
       "      <td>1.100000</td>\n",
       "      <td>93.749000</td>\n",
       "      <td>-41.800000</td>\n",
       "      <td>4.857000</td>\n",
       "      <td>5191.000000</td>\n",
       "      <td>0.000000</td>\n",
       "    </tr>\n",
       "    <tr>\n",
       "      <th>75%</th>\n",
       "      <td>47.00000</td>\n",
       "      <td>319.000000</td>\n",
       "      <td>3.000000</td>\n",
       "      <td>999.000000</td>\n",
       "      <td>0.000000</td>\n",
       "      <td>1.400000</td>\n",
       "      <td>93.994000</td>\n",
       "      <td>-36.400000</td>\n",
       "      <td>4.961000</td>\n",
       "      <td>5228.100000</td>\n",
       "      <td>0.000000</td>\n",
       "    </tr>\n",
       "    <tr>\n",
       "      <th>max</th>\n",
       "      <td>98.00000</td>\n",
       "      <td>4918.000000</td>\n",
       "      <td>56.000000</td>\n",
       "      <td>999.000000</td>\n",
       "      <td>7.000000</td>\n",
       "      <td>1.400000</td>\n",
       "      <td>94.767000</td>\n",
       "      <td>-26.900000</td>\n",
       "      <td>5.045000</td>\n",
       "      <td>5228.100000</td>\n",
       "      <td>1.000000</td>\n",
       "    </tr>\n",
       "  </tbody>\n",
       "</table>\n",
       "</div>"
      ],
      "text/plain": [
       "               age      duration      campaign         pdays      previous  \\\n",
       "count  41188.00000  41188.000000  41188.000000  41188.000000  41188.000000   \n",
       "mean      40.02406    258.285010      2.567593    962.475454      0.172963   \n",
       "std       10.42125    259.279249      2.770014    186.910907      0.494901   \n",
       "min       17.00000      0.000000      1.000000      0.000000      0.000000   \n",
       "25%       32.00000    102.000000      1.000000    999.000000      0.000000   \n",
       "50%       38.00000    180.000000      2.000000    999.000000      0.000000   \n",
       "75%       47.00000    319.000000      3.000000    999.000000      0.000000   \n",
       "max       98.00000   4918.000000     56.000000    999.000000      7.000000   \n",
       "\n",
       "       emp_var_rate  cons_price_idx  cons_conf_idx     euribor3m  \\\n",
       "count  41188.000000    41188.000000   41188.000000  41188.000000   \n",
       "mean       0.081886       93.575664     -40.502600      3.621291   \n",
       "std        1.570960        0.578840       4.628198      1.734447   \n",
       "min       -3.400000       92.201000     -50.800000      0.634000   \n",
       "25%       -1.800000       93.075000     -42.700000      1.344000   \n",
       "50%        1.100000       93.749000     -41.800000      4.857000   \n",
       "75%        1.400000       93.994000     -36.400000      4.961000   \n",
       "max        1.400000       94.767000     -26.900000      5.045000   \n",
       "\n",
       "        nr_employed             y  \n",
       "count  41188.000000  41188.000000  \n",
       "mean    5167.035911      0.112654  \n",
       "std       72.251528      0.316173  \n",
       "min     4963.600000      0.000000  \n",
       "25%     5099.100000      0.000000  \n",
       "50%     5191.000000      0.000000  \n",
       "75%     5228.100000      0.000000  \n",
       "max     5228.100000      1.000000  "
      ]
     },
     "execution_count": 8,
     "metadata": {},
     "output_type": "execute_result"
    }
   ],
   "source": [
    "df2.describe()\n"
   ]
  },
  {
   "cell_type": "code",
   "execution_count": 9,
   "metadata": {},
   "outputs": [
    {
     "data": {
      "text/plain": [
       "age                 40.024060\n",
       "duration           258.285010\n",
       "campaign             2.567593\n",
       "pdays              962.475454\n",
       "previous             0.172963\n",
       "emp_var_rate         0.081886\n",
       "cons_price_idx      93.575664\n",
       "cons_conf_idx      -40.502600\n",
       "euribor3m            3.621291\n",
       "nr_employed       5167.035911\n",
       "y                    0.112654\n",
       "dtype: float64"
      ]
     },
     "execution_count": 9,
     "metadata": {},
     "output_type": "execute_result"
    }
   ],
   "source": [
    "df2.mean()"
   ]
  },
  {
   "cell_type": "code",
   "execution_count": 14,
   "metadata": {},
   "outputs": [
    {
     "data": {
      "text/plain": [
       "44.0"
      ]
     },
     "execution_count": 14,
     "metadata": {},
     "output_type": "execute_result"
    }
   ],
   "source": [
    "df2['age'].quantile(0.68)"
   ]
  },
  {
   "cell_type": "code",
   "execution_count": 15,
   "metadata": {},
   "outputs": [
    {
     "data": {
      "text/plain": [
       "48.0"
      ]
     },
     "execution_count": 15,
     "metadata": {},
     "output_type": "execute_result"
    }
   ],
   "source": [
    "df2['age'].quantile(0.77)"
   ]
  },
  {
   "cell_type": "code",
   "execution_count": 16,
   "metadata": {},
   "outputs": [
    {
     "data": {
      "text/plain": [
       "80.0"
      ]
     },
     "execution_count": 16,
     "metadata": {},
     "output_type": "execute_result"
    }
   ],
   "source": [
    "df2['age'].quantile(0.997)"
   ]
  },
  {
   "cell_type": "code",
   "execution_count": 17,
   "metadata": {},
   "outputs": [
    {
     "data": {
      "text/plain": [
       "30.0"
      ]
     },
     "execution_count": 17,
     "metadata": {},
     "output_type": "execute_result"
    }
   ],
   "source": [
    "df2['age'].quantile(0.16)"
   ]
  },
  {
   "cell_type": "code",
   "execution_count": 18,
   "metadata": {},
   "outputs": [
    {
     "data": {
      "text/plain": [
       "32.0"
      ]
     },
     "execution_count": 18,
     "metadata": {},
     "output_type": "execute_result"
    }
   ],
   "source": [
    "df2['age'].quantile(0.25)"
   ]
  },
  {
   "cell_type": "code",
   "execution_count": 21,
   "metadata": {},
   "outputs": [
    {
     "data": {
      "text/plain": [
       "38.0"
      ]
     },
     "execution_count": 21,
     "metadata": {},
     "output_type": "execute_result"
    }
   ],
   "source": [
    "df2['age'].quantile()"
   ]
  },
  {
   "cell_type": "markdown",
   "metadata": {},
   "source": [
    "# Covariance & Correlation"
   ]
  },
  {
   "cell_type": "code",
   "execution_count": 23,
   "metadata": {},
   "outputs": [
    {
     "data": {
      "text/html": [
       "<div>\n",
       "<style scoped>\n",
       "    .dataframe tbody tr th:only-of-type {\n",
       "        vertical-align: middle;\n",
       "    }\n",
       "\n",
       "    .dataframe tbody tr th {\n",
       "        vertical-align: top;\n",
       "    }\n",
       "\n",
       "    .dataframe thead th {\n",
       "        text-align: right;\n",
       "    }\n",
       "</style>\n",
       "<table border=\"1\" class=\"dataframe\">\n",
       "  <thead>\n",
       "    <tr style=\"text-align: right;\">\n",
       "      <th></th>\n",
       "      <th>age</th>\n",
       "      <th>duration</th>\n",
       "      <th>campaign</th>\n",
       "      <th>pdays</th>\n",
       "      <th>previous</th>\n",
       "      <th>emp_var_rate</th>\n",
       "      <th>cons_price_idx</th>\n",
       "      <th>cons_conf_idx</th>\n",
       "      <th>euribor3m</th>\n",
       "      <th>nr_employed</th>\n",
       "      <th>y</th>\n",
       "    </tr>\n",
       "  </thead>\n",
       "  <tbody>\n",
       "    <tr>\n",
       "      <th>age</th>\n",
       "      <td>108.602451</td>\n",
       "      <td>-2.339147</td>\n",
       "      <td>0.132603</td>\n",
       "      <td>-66.945400</td>\n",
       "      <td>0.125661</td>\n",
       "      <td>-0.006069</td>\n",
       "      <td>0.005168</td>\n",
       "      <td>6.239801</td>\n",
       "      <td>0.194622</td>\n",
       "      <td>-13.346160</td>\n",
       "      <td>0.100162</td>\n",
       "    </tr>\n",
       "    <tr>\n",
       "      <th>duration</th>\n",
       "      <td>-2.339147</td>\n",
       "      <td>67225.728877</td>\n",
       "      <td>-51.494888</td>\n",
       "      <td>-2305.683015</td>\n",
       "      <td>2.648520</td>\n",
       "      <td>-11.391802</td>\n",
       "      <td>0.797272</td>\n",
       "      <td>-9.807412</td>\n",
       "      <td>-14.793831</td>\n",
       "      <td>-837.439866</td>\n",
       "      <td>33.223215</td>\n",
       "    </tr>\n",
       "    <tr>\n",
       "      <th>campaign</th>\n",
       "      <td>0.132603</td>\n",
       "      <td>-51.494888</td>\n",
       "      <td>7.672975</td>\n",
       "      <td>27.224921</td>\n",
       "      <td>-0.108494</td>\n",
       "      <td>0.656017</td>\n",
       "      <td>0.204971</td>\n",
       "      <td>-0.176061</td>\n",
       "      <td>0.649236</td>\n",
       "      <td>28.838822</td>\n",
       "      <td>-0.058116</td>\n",
       "    </tr>\n",
       "    <tr>\n",
       "      <th>pdays</th>\n",
       "      <td>-66.945400</td>\n",
       "      <td>-2305.683015</td>\n",
       "      <td>27.224921</td>\n",
       "      <td>34935.687284</td>\n",
       "      <td>-54.346448</td>\n",
       "      <td>79.574823</td>\n",
       "      <td>8.535132</td>\n",
       "      <td>-79.016677</td>\n",
       "      <td>96.250874</td>\n",
       "      <td>5031.877477</td>\n",
       "      <td>-19.201231</td>\n",
       "    </tr>\n",
       "    <tr>\n",
       "      <th>previous</th>\n",
       "      <td>0.125661</td>\n",
       "      <td>2.648520</td>\n",
       "      <td>-0.108494</td>\n",
       "      <td>-54.346448</td>\n",
       "      <td>0.244927</td>\n",
       "      <td>-0.326918</td>\n",
       "      <td>-0.058190</td>\n",
       "      <td>-0.116670</td>\n",
       "      <td>-0.390128</td>\n",
       "      <td>-17.926342</td>\n",
       "      <td>0.036017</td>\n",
       "    </tr>\n",
       "    <tr>\n",
       "      <th>emp_var_rate</th>\n",
       "      <td>-0.006069</td>\n",
       "      <td>-11.391802</td>\n",
       "      <td>0.656017</td>\n",
       "      <td>79.574823</td>\n",
       "      <td>-0.326918</td>\n",
       "      <td>2.467915</td>\n",
       "      <td>0.705038</td>\n",
       "      <td>1.425360</td>\n",
       "      <td>2.649121</td>\n",
       "      <td>102.944953</td>\n",
       "      <td>-0.148181</td>\n",
       "    </tr>\n",
       "    <tr>\n",
       "      <th>cons_price_idx</th>\n",
       "      <td>0.005168</td>\n",
       "      <td>0.797272</td>\n",
       "      <td>0.204971</td>\n",
       "      <td>8.535132</td>\n",
       "      <td>-0.058190</td>\n",
       "      <td>0.705038</td>\n",
       "      <td>0.335056</td>\n",
       "      <td>0.158023</td>\n",
       "      <td>0.690961</td>\n",
       "      <td>21.832546</td>\n",
       "      <td>-0.024929</td>\n",
       "    </tr>\n",
       "    <tr>\n",
       "      <th>cons_conf_idx</th>\n",
       "      <td>6.239801</td>\n",
       "      <td>-9.807412</td>\n",
       "      <td>-0.176061</td>\n",
       "      <td>-79.016677</td>\n",
       "      <td>-0.116670</td>\n",
       "      <td>1.425360</td>\n",
       "      <td>0.158023</td>\n",
       "      <td>21.420215</td>\n",
       "      <td>2.229089</td>\n",
       "      <td>33.611125</td>\n",
       "      <td>0.080304</td>\n",
       "    </tr>\n",
       "    <tr>\n",
       "      <th>euribor3m</th>\n",
       "      <td>0.194622</td>\n",
       "      <td>-14.793831</td>\n",
       "      <td>0.649236</td>\n",
       "      <td>96.250874</td>\n",
       "      <td>-0.390128</td>\n",
       "      <td>2.649121</td>\n",
       "      <td>0.690961</td>\n",
       "      <td>2.229089</td>\n",
       "      <td>3.008308</td>\n",
       "      <td>118.443421</td>\n",
       "      <td>-0.168778</td>\n",
       "    </tr>\n",
       "    <tr>\n",
       "      <th>nr_employed</th>\n",
       "      <td>-13.346160</td>\n",
       "      <td>-837.439866</td>\n",
       "      <td>28.838822</td>\n",
       "      <td>5031.877477</td>\n",
       "      <td>-17.926342</td>\n",
       "      <td>102.944953</td>\n",
       "      <td>21.832546</td>\n",
       "      <td>33.611125</td>\n",
       "      <td>118.443421</td>\n",
       "      <td>5220.283250</td>\n",
       "      <td>-8.102276</td>\n",
       "    </tr>\n",
       "    <tr>\n",
       "      <th>y</th>\n",
       "      <td>0.100162</td>\n",
       "      <td>33.223215</td>\n",
       "      <td>-0.058116</td>\n",
       "      <td>-19.201231</td>\n",
       "      <td>0.036017</td>\n",
       "      <td>-0.148181</td>\n",
       "      <td>-0.024929</td>\n",
       "      <td>0.080304</td>\n",
       "      <td>-0.168778</td>\n",
       "      <td>-8.102276</td>\n",
       "      <td>0.099966</td>\n",
       "    </tr>\n",
       "  </tbody>\n",
       "</table>\n",
       "</div>"
      ],
      "text/plain": [
       "                       age      duration   campaign         pdays   previous  \\\n",
       "age             108.602451     -2.339147   0.132603    -66.945400   0.125661   \n",
       "duration         -2.339147  67225.728877 -51.494888  -2305.683015   2.648520   \n",
       "campaign          0.132603    -51.494888   7.672975     27.224921  -0.108494   \n",
       "pdays           -66.945400  -2305.683015  27.224921  34935.687284 -54.346448   \n",
       "previous          0.125661      2.648520  -0.108494    -54.346448   0.244927   \n",
       "emp_var_rate     -0.006069    -11.391802   0.656017     79.574823  -0.326918   \n",
       "cons_price_idx    0.005168      0.797272   0.204971      8.535132  -0.058190   \n",
       "cons_conf_idx     6.239801     -9.807412  -0.176061    -79.016677  -0.116670   \n",
       "euribor3m         0.194622    -14.793831   0.649236     96.250874  -0.390128   \n",
       "nr_employed     -13.346160   -837.439866  28.838822   5031.877477 -17.926342   \n",
       "y                 0.100162     33.223215  -0.058116    -19.201231   0.036017   \n",
       "\n",
       "                emp_var_rate  cons_price_idx  cons_conf_idx   euribor3m  \\\n",
       "age                -0.006069        0.005168       6.239801    0.194622   \n",
       "duration          -11.391802        0.797272      -9.807412  -14.793831   \n",
       "campaign            0.656017        0.204971      -0.176061    0.649236   \n",
       "pdays              79.574823        8.535132     -79.016677   96.250874   \n",
       "previous           -0.326918       -0.058190      -0.116670   -0.390128   \n",
       "emp_var_rate        2.467915        0.705038       1.425360    2.649121   \n",
       "cons_price_idx      0.705038        0.335056       0.158023    0.690961   \n",
       "cons_conf_idx       1.425360        0.158023      21.420215    2.229089   \n",
       "euribor3m           2.649121        0.690961       2.229089    3.008308   \n",
       "nr_employed       102.944953       21.832546      33.611125  118.443421   \n",
       "y                  -0.148181       -0.024929       0.080304   -0.168778   \n",
       "\n",
       "                nr_employed          y  \n",
       "age              -13.346160   0.100162  \n",
       "duration        -837.439866  33.223215  \n",
       "campaign          28.838822  -0.058116  \n",
       "pdays           5031.877477 -19.201231  \n",
       "previous         -17.926342   0.036017  \n",
       "emp_var_rate     102.944953  -0.148181  \n",
       "cons_price_idx    21.832546  -0.024929  \n",
       "cons_conf_idx     33.611125   0.080304  \n",
       "euribor3m        118.443421  -0.168778  \n",
       "nr_employed     5220.283250  -8.102276  \n",
       "y                 -8.102276   0.099966  "
      ]
     },
     "execution_count": 23,
     "metadata": {},
     "output_type": "execute_result"
    }
   ],
   "source": [
    "df2.cov()"
   ]
  },
  {
   "cell_type": "code",
   "execution_count": 24,
   "metadata": {},
   "outputs": [
    {
     "data": {
      "text/html": [
       "<div>\n",
       "<style scoped>\n",
       "    .dataframe tbody tr th:only-of-type {\n",
       "        vertical-align: middle;\n",
       "    }\n",
       "\n",
       "    .dataframe tbody tr th {\n",
       "        vertical-align: top;\n",
       "    }\n",
       "\n",
       "    .dataframe thead th {\n",
       "        text-align: right;\n",
       "    }\n",
       "</style>\n",
       "<table border=\"1\" class=\"dataframe\">\n",
       "  <thead>\n",
       "    <tr style=\"text-align: right;\">\n",
       "      <th></th>\n",
       "      <th>age</th>\n",
       "      <th>duration</th>\n",
       "      <th>campaign</th>\n",
       "      <th>pdays</th>\n",
       "      <th>previous</th>\n",
       "      <th>emp_var_rate</th>\n",
       "      <th>cons_price_idx</th>\n",
       "      <th>cons_conf_idx</th>\n",
       "      <th>euribor3m</th>\n",
       "      <th>nr_employed</th>\n",
       "      <th>y</th>\n",
       "    </tr>\n",
       "  </thead>\n",
       "  <tbody>\n",
       "    <tr>\n",
       "      <th>age</th>\n",
       "      <td>1.000000</td>\n",
       "      <td>-0.000866</td>\n",
       "      <td>0.004594</td>\n",
       "      <td>-0.034369</td>\n",
       "      <td>0.024365</td>\n",
       "      <td>-0.000371</td>\n",
       "      <td>0.000857</td>\n",
       "      <td>0.129372</td>\n",
       "      <td>0.010767</td>\n",
       "      <td>-0.017725</td>\n",
       "      <td>0.030399</td>\n",
       "    </tr>\n",
       "    <tr>\n",
       "      <th>duration</th>\n",
       "      <td>-0.000866</td>\n",
       "      <td>1.000000</td>\n",
       "      <td>-0.071699</td>\n",
       "      <td>-0.047577</td>\n",
       "      <td>0.020640</td>\n",
       "      <td>-0.027968</td>\n",
       "      <td>0.005312</td>\n",
       "      <td>-0.008173</td>\n",
       "      <td>-0.032897</td>\n",
       "      <td>-0.044703</td>\n",
       "      <td>0.405274</td>\n",
       "    </tr>\n",
       "    <tr>\n",
       "      <th>campaign</th>\n",
       "      <td>0.004594</td>\n",
       "      <td>-0.071699</td>\n",
       "      <td>1.000000</td>\n",
       "      <td>0.052584</td>\n",
       "      <td>-0.079141</td>\n",
       "      <td>0.150754</td>\n",
       "      <td>0.127836</td>\n",
       "      <td>-0.013733</td>\n",
       "      <td>0.135133</td>\n",
       "      <td>0.144095</td>\n",
       "      <td>-0.066357</td>\n",
       "    </tr>\n",
       "    <tr>\n",
       "      <th>pdays</th>\n",
       "      <td>-0.034369</td>\n",
       "      <td>-0.047577</td>\n",
       "      <td>0.052584</td>\n",
       "      <td>1.000000</td>\n",
       "      <td>-0.587514</td>\n",
       "      <td>0.271004</td>\n",
       "      <td>0.078889</td>\n",
       "      <td>-0.091342</td>\n",
       "      <td>0.296899</td>\n",
       "      <td>0.372605</td>\n",
       "      <td>-0.324914</td>\n",
       "    </tr>\n",
       "    <tr>\n",
       "      <th>previous</th>\n",
       "      <td>0.024365</td>\n",
       "      <td>0.020640</td>\n",
       "      <td>-0.079141</td>\n",
       "      <td>-0.587514</td>\n",
       "      <td>1.000000</td>\n",
       "      <td>-0.420489</td>\n",
       "      <td>-0.203130</td>\n",
       "      <td>-0.050936</td>\n",
       "      <td>-0.454494</td>\n",
       "      <td>-0.501333</td>\n",
       "      <td>0.230181</td>\n",
       "    </tr>\n",
       "    <tr>\n",
       "      <th>emp_var_rate</th>\n",
       "      <td>-0.000371</td>\n",
       "      <td>-0.027968</td>\n",
       "      <td>0.150754</td>\n",
       "      <td>0.271004</td>\n",
       "      <td>-0.420489</td>\n",
       "      <td>1.000000</td>\n",
       "      <td>0.775334</td>\n",
       "      <td>0.196041</td>\n",
       "      <td>0.972245</td>\n",
       "      <td>0.906970</td>\n",
       "      <td>-0.298334</td>\n",
       "    </tr>\n",
       "    <tr>\n",
       "      <th>cons_price_idx</th>\n",
       "      <td>0.000857</td>\n",
       "      <td>0.005312</td>\n",
       "      <td>0.127836</td>\n",
       "      <td>0.078889</td>\n",
       "      <td>-0.203130</td>\n",
       "      <td>0.775334</td>\n",
       "      <td>1.000000</td>\n",
       "      <td>0.058986</td>\n",
       "      <td>0.688230</td>\n",
       "      <td>0.522034</td>\n",
       "      <td>-0.136211</td>\n",
       "    </tr>\n",
       "    <tr>\n",
       "      <th>cons_conf_idx</th>\n",
       "      <td>0.129372</td>\n",
       "      <td>-0.008173</td>\n",
       "      <td>-0.013733</td>\n",
       "      <td>-0.091342</td>\n",
       "      <td>-0.050936</td>\n",
       "      <td>0.196041</td>\n",
       "      <td>0.058986</td>\n",
       "      <td>1.000000</td>\n",
       "      <td>0.277686</td>\n",
       "      <td>0.100513</td>\n",
       "      <td>0.054878</td>\n",
       "    </tr>\n",
       "    <tr>\n",
       "      <th>euribor3m</th>\n",
       "      <td>0.010767</td>\n",
       "      <td>-0.032897</td>\n",
       "      <td>0.135133</td>\n",
       "      <td>0.296899</td>\n",
       "      <td>-0.454494</td>\n",
       "      <td>0.972245</td>\n",
       "      <td>0.688230</td>\n",
       "      <td>0.277686</td>\n",
       "      <td>1.000000</td>\n",
       "      <td>0.945154</td>\n",
       "      <td>-0.307771</td>\n",
       "    </tr>\n",
       "    <tr>\n",
       "      <th>nr_employed</th>\n",
       "      <td>-0.017725</td>\n",
       "      <td>-0.044703</td>\n",
       "      <td>0.144095</td>\n",
       "      <td>0.372605</td>\n",
       "      <td>-0.501333</td>\n",
       "      <td>0.906970</td>\n",
       "      <td>0.522034</td>\n",
       "      <td>0.100513</td>\n",
       "      <td>0.945154</td>\n",
       "      <td>1.000000</td>\n",
       "      <td>-0.354678</td>\n",
       "    </tr>\n",
       "    <tr>\n",
       "      <th>y</th>\n",
       "      <td>0.030399</td>\n",
       "      <td>0.405274</td>\n",
       "      <td>-0.066357</td>\n",
       "      <td>-0.324914</td>\n",
       "      <td>0.230181</td>\n",
       "      <td>-0.298334</td>\n",
       "      <td>-0.136211</td>\n",
       "      <td>0.054878</td>\n",
       "      <td>-0.307771</td>\n",
       "      <td>-0.354678</td>\n",
       "      <td>1.000000</td>\n",
       "    </tr>\n",
       "  </tbody>\n",
       "</table>\n",
       "</div>"
      ],
      "text/plain": [
       "                     age  duration  campaign     pdays  previous  \\\n",
       "age             1.000000 -0.000866  0.004594 -0.034369  0.024365   \n",
       "duration       -0.000866  1.000000 -0.071699 -0.047577  0.020640   \n",
       "campaign        0.004594 -0.071699  1.000000  0.052584 -0.079141   \n",
       "pdays          -0.034369 -0.047577  0.052584  1.000000 -0.587514   \n",
       "previous        0.024365  0.020640 -0.079141 -0.587514  1.000000   \n",
       "emp_var_rate   -0.000371 -0.027968  0.150754  0.271004 -0.420489   \n",
       "cons_price_idx  0.000857  0.005312  0.127836  0.078889 -0.203130   \n",
       "cons_conf_idx   0.129372 -0.008173 -0.013733 -0.091342 -0.050936   \n",
       "euribor3m       0.010767 -0.032897  0.135133  0.296899 -0.454494   \n",
       "nr_employed    -0.017725 -0.044703  0.144095  0.372605 -0.501333   \n",
       "y               0.030399  0.405274 -0.066357 -0.324914  0.230181   \n",
       "\n",
       "                emp_var_rate  cons_price_idx  cons_conf_idx  euribor3m  \\\n",
       "age                -0.000371        0.000857       0.129372   0.010767   \n",
       "duration           -0.027968        0.005312      -0.008173  -0.032897   \n",
       "campaign            0.150754        0.127836      -0.013733   0.135133   \n",
       "pdays               0.271004        0.078889      -0.091342   0.296899   \n",
       "previous           -0.420489       -0.203130      -0.050936  -0.454494   \n",
       "emp_var_rate        1.000000        0.775334       0.196041   0.972245   \n",
       "cons_price_idx      0.775334        1.000000       0.058986   0.688230   \n",
       "cons_conf_idx       0.196041        0.058986       1.000000   0.277686   \n",
       "euribor3m           0.972245        0.688230       0.277686   1.000000   \n",
       "nr_employed         0.906970        0.522034       0.100513   0.945154   \n",
       "y                  -0.298334       -0.136211       0.054878  -0.307771   \n",
       "\n",
       "                nr_employed         y  \n",
       "age               -0.017725  0.030399  \n",
       "duration          -0.044703  0.405274  \n",
       "campaign           0.144095 -0.066357  \n",
       "pdays              0.372605 -0.324914  \n",
       "previous          -0.501333  0.230181  \n",
       "emp_var_rate       0.906970 -0.298334  \n",
       "cons_price_idx     0.522034 -0.136211  \n",
       "cons_conf_idx      0.100513  0.054878  \n",
       "euribor3m          0.945154 -0.307771  \n",
       "nr_employed        1.000000 -0.354678  \n",
       "y                 -0.354678  1.000000  "
      ]
     },
     "execution_count": 24,
     "metadata": {},
     "output_type": "execute_result"
    }
   ],
   "source": [
    "df2.corr()"
   ]
  },
  {
   "cell_type": "code",
   "execution_count": null,
   "metadata": {},
   "outputs": [],
   "source": []
  }
 ],
 "metadata": {
  "kernelspec": {
   "display_name": "Python 3",
   "language": "python",
   "name": "python3"
  },
  "language_info": {
   "codemirror_mode": {
    "name": "ipython",
    "version": 3
   },
   "file_extension": ".py",
   "mimetype": "text/x-python",
   "name": "python",
   "nbconvert_exporter": "python",
   "pygments_lexer": "ipython3",
   "version": "3.7.3"
  }
 },
 "nbformat": 4,
 "nbformat_minor": 2
}
